# ----------------------------------------------------------------------
# Conserved length:    16
# Variable length:     16
# Mutational distance:  2
# ----------------------------------------------------------------------
E1:  BitStructure(0000 0000 0000 0000 1000 0000 0000 0000)
E2:  BitStructure(0000 0000 0000 0000 0100 0000 0000 0000)
E3:  BitStructure(0000 0000 0000 0000 0010 0000 0000 0000)
E4:  BitStructure(0000 0000 0000 0000 0001 0000 0000 0000)
E5:  BitStructure(0000 0000 0000 0000 0000 1000 0000 0000)
E6:  BitStructure(0000 0000 0000 0000 0000 0100 0000 0000)
E7:  BitStructure(0000 0000 0000 0000 0000 0010 0000 0000)
E8:  BitStructure(0000 0000 0000 0000 0000 0001 0000 0000)
E9:  BitStructure(0000 0000 0000 0000 0000 0000 1000 0000)
E10: BitStructure(0000 0000 0000 0000 0000 0000 0100 0000)
E11: BitStructure(0000 0000 0000 0000 0000 0000 0010 0000)
E12: BitStructure(0000 0000 0000 0000 0000 0000 0001 0000)
E13: BitStructure(0000 0000 0000 0000 0000 0000 0000 1000)
E14: BitStructure(0000 0000 0000 0000 0000 0000 0000 0100)
E15: BitStructure(0000 0000 0000 0000 0000 0000 0000 0010)
E16: BitStructure(0000 0000 0000 0000 0000 0000 0000 0001)
